latitude=23.558197
longitude=87.314064
